<polygon class="cls-1" points="1176.19 763.13 1074.02 763.13 1022.94 851.61 1074.02 940.09 1176.19 940.09 1227.28 851.61 1176.19 763.13"/>
<polygon class="cls-1" points="1176.19 959.77 1074.02 959.77 1022.94 1048.25 1074.02 1136.73 1176.19 1136.73 1227.28 1048.25 1176.19 959.77"/>
<polygon class="cls-1" points="1516.71 763.13 1414.55 763.13 1363.46 851.61 1414.55 940.09 1516.71 940.09 1567.8 851.61 1516.71 763.13"/>
<polygon class="cls-1" points="1176.19 566.51 1074.02 566.51 1022.94 654.99 1074.02 743.47 1176.19 743.47 1227.28 654.99 1176.19 566.51"/>
<polygon class="cls-1" points="1345.46 664.83 1243.29 664.83 1192.21 753.31 1243.29 841.79 1345.46 841.79 1396.55 753.31 1345.46 664.83"/>
<polygon class="cls-1" points="1516.71 566.51 1414.55 566.51 1363.46 654.99 1414.55 743.47 1516.71 743.47 1567.8 654.99 1516.71 566.51"/>
<polygon class="cls-1" points="1516.71 369.89 1414.55 369.89 1363.46 458.37 1414.55 546.85 1516.71 546.85 1567.8 458.37 1516.71 369.89"/>
<polygon class="cls-1" points="1685.96 468.21 1583.79 468.21 1532.71 556.69 1583.79 645.17 1685.96 645.17 1737.05 556.69 1685.96 468.21"/>
<polygon class="cls-1" points="1857.24 369.89 1755.07 369.89 1703.98 458.37 1755.07 546.85 1857.24 546.85 1908.32 458.37 1857.24 369.89"/>
<polygon class="cls-1" points="1685.96 271.57 1583.79 271.57 1532.71 360.05 1583.79 448.53 1685.96 448.53 1737.05 360.05 1685.96 271.57"/>
<polygon class="cls-1" points="1857.24 173.27 1755.07 173.27 1703.98 261.75 1755.07 350.23 1857.24 350.23 1908.32 261.75 1857.24 173.27"/>
<polygon class="cls-1" points="1686.96 861.45 1584.8 861.45 1533.71 949.93 1584.8 1038.41 1686.96 1038.41 1738.05 949.93 1686.96 861.45"/>
<polygon class="cls-1" points="1686.96 664.83 1584.8 664.83 1533.71 753.31 1584.8 841.79 1686.96 841.79 1738.05 753.31 1686.96 664.83"/>
<polygon class="cls-1" points="1856.24 763.13 1754.07 763.13 1702.98 851.61 1754.07 940.09 1856.24 940.09 1907.32 851.61 1856.24 763.13"/>
<polygon class="cls-1" points="1002.91 861.45 900.74 861.45 849.66 949.93 900.74 1038.41 1002.91 1038.41 1054 949.93 1002.91 861.45"/>
<polygon class="cls-1" points="1516.71 959.77 1414.55 959.77 1363.46 1048.25 1414.55 1136.73 1516.71 1136.73 1567.8 1048.25 1516.71 959.77"/>
<polygon class="cls-1" points="1345.46 861.45 1243.29 861.45 1192.21 949.93 1243.29 1038.41 1345.46 1038.41 1396.55 949.93 1345.46 861.45"/>
<polygon class="cls-1" points="2027.49 271.57 1925.32 271.57 1874.23 360.05 1925.32 448.53 2027.49 448.53 2078.57 360.05 2027.49 271.57"/>
<polygon class="cls-1" points="2027.49 74.95 1925.32 74.95 1874.23 163.43 1925.32 251.91 2027.49 251.91 2078.57 163.43 2027.49 74.95"/>
<polygon class="cls-1" points="1002.91 665.61 900.74 665.61 849.66 754.09 900.74 842.57 1002.91 842.57 1054 754.09 1002.91 665.61"/>
<polygon class="cls-1" points="1856.24 566.51 1754.07 566.51 1702.98 654.99 1754.07 743.47 1856.24 743.47 1907.32 654.99 1856.24 566.51"/>
<polygon class="cls-1" points="2027.49 468.21 1925.32 468.21 1874.23 556.69 1925.32 645.17 2027.49 645.17 2078.57 556.69 2027.49 468.21"/>
<polygon class="cls-1" points="2431.28 1286.38 2262.33 1286.38 2177.85 1432.69 2262.33 1579.01 2431.28 1579.01 2515.75 1432.69 2431.28 1286.38"/>
<polygon class="cls-1" points="1868.19 1286.38 1699.24 1286.38 1614.76 1432.69 1699.24 1579.01 1868.19 1579.01 1952.66 1432.69 1868.19 1286.38"/>
<polygon class="cls-1" points="2712.8 1123.82 2543.85 1123.82 2459.37 1270.13 2543.85 1416.45 2712.8 1416.45 2797.27 1270.13 2712.8 1123.82"/>
<polygon class="cls-1" points="2148.07 1123.82 1979.12 1123.82 1894.64 1270.13 1979.12 1416.45 2148.07 1416.45 2232.54 1270.13 2148.07 1123.82"/>
<polygon class="cls-1" points="2431.28 961.25 2262.33 961.25 2177.85 1107.57 2262.33 1253.88 2431.28 1253.88 2515.75 1107.57 2431.28 961.25"/>
<polygon class="cls-1" points="2712.8 798.66 2543.85 798.66 2459.37 944.98 2543.85 1091.3 2712.8 1091.3 2797.27 944.98 2712.8 798.66"/>
<polygon class="cls-1" points="2430.43 636.1 2261.48 636.1 2177.01 782.41 2261.48 928.73 2430.43 928.73 2514.91 782.41 2430.43 636.1"/>
<polygon class="cls-1" points="1586.49 1446.97 1417.54 1446.97 1333.06 1593.29 1417.54 1739.6 1586.49 1739.6 1670.97 1593.29 1586.49 1446.97"/>
<polygon class="cls-1" points="2712 473.53 2543.05 473.53 2458.57 619.85 2543.05 766.17 2712 766.17 2796.48 619.85 2712 473.53"/>
<polygon class="cls-1" points="2712 148.38 2543.05 148.38 2458.57 294.7 2543.05 441.01 2712 441.01 2796.48 294.7 2712 148.38"/>
<polygon class="cls-1" points="365.78 498.42 520.48 498.42 597.83 364.45 520.48 230.47 365.78 230.47 288.43 364.45 365.78 498.42"/>
<polygon class="cls-1" points="881.37 498.42 1036.07 498.42 1113.42 364.45 1036.07 230.47 881.37 230.47 804.02 364.45 881.37 498.42"/>
<polygon class="cls-1" points="107.99 647.27 262.69 647.27 340.04 513.3 262.69 379.33 107.99 379.33 30.64 513.3 107.99 647.27"/>
<polygon class="cls-1" points="625.09 647.27 779.79 647.27 857.14 513.3 779.79 379.33 625.09 379.33 547.74 513.3 625.09 647.27"/>
<polygon class="cls-1" points="365.78 796.15 520.48 796.15 597.83 662.18 520.48 528.2 365.78 528.2 288.43 662.18 365.78 796.15"/>
<polygon class="cls-1" points="107.99 945.03 262.69 945.03 340.04 811.05 262.69 677.08 107.99 677.08 30.64 811.05 107.99 945.03"/>
<polygon class="cls-1" points="366.52 1093.88 521.22 1093.88 598.57 959.91 521.22 825.93 366.52 825.93 289.17 959.91 366.52 1093.88"/>
<polygon class="cls-1" points="1139.28 351.41 1293.98 351.41 1371.33 217.44 1293.98 83.46 1139.28 83.46 1061.93 217.44 1139.28 351.41"/>
<polygon class="cls-1" points="108.72 1242.73 263.42 1242.73 340.77 1108.76 263.42 974.79 108.72 974.79 31.38 1108.76 108.72 1242.73"/>
<polygon class="cls-1" points="108.72 1540.44 263.42 1540.44 340.77 1406.47 263.42 1272.49 108.72 1272.49 31.38 1406.47 108.72 1540.44"/>
<polygon class="cls-1" points="365.78 1689.29 520.48 1689.29 597.83 1555.32 520.48 1421.35 365.78 1421.35 288.43 1555.32 365.78 1689.29"/>
<polygon class="cls-1" points="625.09 352.11 779.79 352.11 857.14 218.14 779.79 84.16 625.09 84.16 547.74 218.14 625.09 352.11"/>
